0.546005 	
1.132994 	
1.753905 	
2.411770 	
3.093954 	
3.805743 	
4.536370 	
5.287038 	
6.055015 	
6.834163 	
7.623164 	
8.409577 	
9.199762 	
9.984134 	
10.774919 	
11.554827 	
12.301286 	
13.025100 	
13.723464 	
14.3966422 *15.032425 	
15.627973 	
16.184420 	
16.662727 	
17.126585 	
17.534008 	
17.890684 	
18.191702 	
18.423988 	
18.603647 	
18.719297 	
18.769686 	
18.753391 	
18.670071 	
18.516397 	
18.295094 	
18.006136 	
17.644171 	
17.222279 	
16.733305 	
16.178621 	
15.558862 	
14.881547 	
14.141856 	
13.349536 	
12.508389 	
11.619923 	
10.676944 	
9.692782 	
8.674517 	
7.624450 	
6.550545 	
5.449591 	
4.334073 	
3.207154 	
2.071664 	
0.929259 	
-0.204429 	
-1.323307 	
-2.421585 	
-3.497047 	
-4.547580 	
-5.565972 	
-6.542089 	
-7.472326 	
-8.353089 	
-9.177746 	
-9.937630 	
-10.637784 	
-11.295071 	
-11.844705 	
-12.315874 	
-12.704316 	
-13.005066 	
-13.216578 	
-13.333510 	
-13.358206 	
-13.290875 	
-13.115251 	
-12.842738 	
-12.466702 	
-11.991027 	
-11.414522 	
-10.740254 	
-9.971155 	
-9.097757 	
-8.129177 	
-7.069176 	
-5.922449 	
-4.682939 	
-3.361482 	
-1.958155 	
-0.484992 	
1.059169 	
2.668787 	
4.333765 	
6.053180 	
7.817797 	
9.620024 	
11.454890 	
13.313870 	
15.191820 	
17.080917 	
18.967999 	
20.850828 	
22.722895 	
24.573046 	
26.396355 	
28.177805 	
29.914543 	
31.600134 	
33.223495 	
34.781876 	
36.266300 	
37.667404 	
38.980801 	
40.200249 	
41.317036 	
42.327053 	
43.225468 	
44.005013 	
44.665607 	
45.201687 	
45.608028 	
45.882015 	
46.015232 	
46.016590 	
45.885174 	
45.612564 	
45.190273 	
44.642864 	
43.956554 	
43.137417 	
42.183777 	
41.103008 	
39.892796 	
38.557907 	
37.106331 	
35.543625 	
33.870865 	
32.097084 	
30.224573 	
28.267639 	
26.228762 	
24.118855 	
21.945272 	
19.715378 	
17.438669 	
15.126665 	
12.781599 	
10.422719 	
8.052431 	
5.668374 	
3.318650 	
0.998862 	
-1.299455 	
-3.556304 	
-5.760477 	
-7.905018 	
-9.971881 	
-11.961863 	
-13.856620 	
-15.652380 	
-17.337784 	
-18.907524 	
-20.351488 	
-21.663322 	
-22.830143 	
-23.851248 	
-24.719431 	
-25.432007 	
-25.984442 	
-26.364702 	
-26.585472 	
-26.622257 	
-26.485275 	
-26.171961 	
-25.682615 	
-25.014357 	
-24.172365 	
-23.152042 	
-21.956970 	
-20.596289 	
-19.059134 	
-17.371962 	
-15.522587 	
-13.525114 	
-11.382904 	
-9.102860 	
-6.694022 	
-4.164892 	
-1.522620 	
1.226333 	
4.063538 	
6.971306 	
9.956376 	
13.000503 	
16.100910 	
19.238070 	
22.402933 	
25.574732 	
28.724569 	
31.881857 	
35.013920 	
38.110550 	
41.151905 	
44.137733 	
47.044300 	
49.865547 	
52.584820 	
55.191376 	
57.675758 	
60.027874 	
62.235504 	
64.287819 	
66.175232 	
67.891861 	
69.433388 	
70.779961 	
71.939377 	
72.901611 	
73.657509 	
74.203148 	
74.537201 	
74.666443 	
74.565483 	
74.248161 	
73.692543 	
72.936775 	
71.967300 	
70.786552 	
69.398323 	
67.801743 	
66.006607 	
64.021713 	
61.848076 	
59.496315 	
56.980736 	
54.292782 	
51.452454 	
48.476547 	
45.369938 	
42.153473 	
38.823723 	
35.428368 	
31.933544 	
28.370337 	
24.758392 	
21.114866 	
17.443989 	
13.770257 	
10.101598 	
6.458749 	
2.853247 	
-0.701046 	
-4.185017 	
-7.582709 	
-10.882821 	
-14.072249 	
-17.135651 	
-20.060112 	
-22.830729 	
-25.431581 	
-27.853458 	
-30.085979 	
-32.123173 	
-33.947124 	
-35.556755 	
-36.936970 	
-38.082405 	
-38.989285 	
-39.650459 	
-40.060936 	
-40.217182 	
-40.115067 	
-39.756554 	
-39.140987 	
-38.265121 	
-37.132614 	
-35.747498 	
-34.110176 	
-32.228020 	
-30.107456 	
-27.751362 	
-25.167971 	
-22.370480 	
-19.361372 	
-16.154785 	
-12.764078 	
-9.201145 	
-5.477823 	
-1.606682 	
2.396288 	
6.519167 	
10.744042 	
15.057342 	
19.435898 	
23.871967 	
28.342505 	
32.832783 	
37.323906 	
41.799358 	
46.240437 	
50.627895 	
54.945370 	
59.177513 	
63.304127 	
67.312607 	
71.184410 	
74.903427 	
78.452827 	
81.818802 	
84.987976 	
87.942276 	
90.678284 	
93.179634 	
95.430664 	
97.424973 	
99.150345 	
100.605690 	
101.779861 	
102.666939 	
103.260429 	
103.554977 	
103.559250 	
103.261475 	
102.660744 	
101.761047 	
100.565094 	
99.074402 	
97.296898 	
95.235703 	
92.894455 	
90.287155 	
87.421227 	
84.310074 	
80.958298 	
77.384270 	
73.599411 	
69.614456 	
65.450356 	
61.119183 	
56.642189 	
52.030075 	
47.340622 	
42.521908 	
37.628384 	
32.677090 	
27.687761 	
22.706345 	
17.701591 	
12.724115 	
7.787038 	
2.913175 	
-1.874122 	
-6.558259 	
-11.116131 	
-15.537530 	
-19.793011 	
-23.866150 	
-27.740664 	
-31.407478 	
-34.829704 	
-38.016941 	
-40.948822 	
-43.613918 	
-45.998840 	
-48.075615 	
-49.850864 	
-51.315285 	
-52.452232 	
-53.260059 	
-53.737637 	
-53.876526 	
-53.674667 	
-53.130459 	
-52.245632 	
-51.018295 	
-49.456074 	
-47.565720 	
-45.351574 	
-42.796585 	
-39.943939 	
-36.790859 	
-33.347603 	
-29.629427 	
-25.636894 	
-21.393679 	
-16.916317 	
-12.207585 	
-7.303804 	
-2.214096 	
3.037163 	
8.435696 	
13.959513 	
19.585783 	
25.294334 	
31.064718 	
36.878407 	
42.700069 	
48.517216 	
54.304337 	
60.040024 	
65.698227 	
71.257057 	
76.698921 	
81.995354 	
87.129501 	
92.080284 	
96.824432 	
101.343636 	
105.621796 	
109.637817 	
113.376892 	
116.821579 	
119.959999 	
122.774765 	
125.257576 	
127.395653 	
129.178894 	
130.600372 	
131.651077 	
132.323608 	
132.617477 	
132.531555 	
132.061493 	
131.207108 	
129.971466 	
128.359024 	
126.373528 	
124.027412 	
121.324837 	
118.270531 	
114.879585 	
111.165894 	
107.140411 	
102.819588 	
98.218285 	
93.353806 	
88.245720 	
82.914146 	
77.376717 	
71.657722 	
65.779747 	
59.764034 	
53.633068 	
47.413509 	
41.131733 	
34.808025 	
28.468313 	
22.140654 	
15.849852 	
9.622564 	
3.476578 	
-2.556520 	
-8.453444 	
-14.188860 	
-19.738775 	
-25.079983 	
-30.191504 	
-35.052849 	
-39.639767 	
-43.938625 	
-47.918736 	
-51.579044 	
-54.891182 	
-57.852077 	
-60.436466 	
-62.632008 	
-64.439011 	
-65.843254 	
-66.833664 	
-67.406296 	
-67.558174 	
-67.278770 	
-66.583206 	
-65.461975 	
-63.922058 	
-61.962463 	
-59.590614 	
-56.814331 	
-53.643112 	
-50.093964 	
-46.144264 	
-41.858147 	
-37.225056 	
-32.270241 	
-27.006636 	
-21.454935 	
-15.635672 	
-9.567022 	
-3.274173 	
3.216767 	
9.884147 	
16.732090 	
23.670307 	
30.712885 	
37.816090 	
44.962242 	
52.129196 	
59.275921 	
66.382141 	
73.415977 	
80.353683 	
87.165764 	
93.824699 	
100.309319 	
106.567215 	
112.610771 	
118.399643 	
123.908447 	
129.116440 	
133.999741 	
138.544205 	
142.725647 	
146.528549 	
149.907227 	
152.910324 	
155.483124 	
157.621796 	
159.318207 	
160.559677 	
161.345596 	
161.667435 	
161.527542 	
160.917435 	
159.840942 	
158.313095 	
156.319366 	
153.895370 	
151.011795 	
147.689957 	
143.953720 	
139.806549 	
135.267349 	
130.352859 	
125.081322 	
119.473732 	
113.553680 	
107.338570 	
100.883385 	
94.150993 	
87.203979 	
80.068497 	
72.767853 	
65.332634 	
57.790195 	
50.175365 	
42.515717 	
34.849289 	
27.190165 	
19.577518 	
12.039422 	
4.611298 	
-2.678466 	
-9.796894 	
-16.725000 	
-23.431110 	
-29.876255 	
-36.049770 	
-41.912945 	
-47.452351 	
-52.636112 	
-57.445812 	
-61.859859 	
-65.861313 	
-69.429642 	
-72.555466 	
-75.217552 	
-77.404076 	
-79.108925 	
-80.318214 	
-81.026520 	
-81.231140 	
-80.928329 	
-80.116005 	
-78.796196 	
-76.976143 	
-74.656883 	
-71.844284 	
-68.547806 	
-64.782089 	
-60.561527 	
-55.895473 	
-50.801636 	
-45.301575 	
-39.412560 	
-33.157288 	
-26.558481 	
-19.642811 	
-12.433765 	
-4.960467 	
2.752030 	
10.673046 	
18.762743 	
27.000380 	
35.351017 	
43.784981 	
52.267269 	
60.768066 	
69.249557 	
77.678444 	
86.026810 	
94.258942 	
102.339661 	
110.238747 	
117.925247 	
125.365204 	
132.533829 	
139.397964 	
145.931503 	
152.109268 	
157.904526 	
163.293152 	
168.253510 	
172.766357 	
176.809891 	
180.368454 	
183.429779 	
185.973526 	
187.992706 	
189.478683 	
190.422653 	
190.820602 	
190.666580 	
189.966446 	
188.715546 	
186.918015 	
184.580978 	
181.714478 	
178.325821 	
174.425247 	
170.032532 	
165.160492 	
159.837555 	
154.061172 	
147.867874 	
141.278839 	
134.311417 	
127.003647 	
119.383286 	
111.477150 	
103.338005 	
94.947411 	
86.366196 	
77.632149 	
68.779732 	
59.833561 	
50.834476 	
41.820885 	
32.824055 	
23.880772 	
15.031348 	
6.305314 	
-2.261965 	
-10.631948 	
-18.766840 	
-26.646671 	
-34.232182 	
-41.485229 	
-48.382084 	
-54.887043 	
-60.990776 	
-66.647064 	
-71.850868 	
-76.572945 	
-80.791832 	
-84.484940 	
-87.642799 	
-90.247185 	
-92.289276 	
-93.755508 	
-94.635788 	
-94.935173 	
-94.622543 	
-93.733459 	
-92.251862 	
-90.181458 	
-87.534111 	
-84.294518 	
-80.515182 	
-76.184395 	
-71.322937 	
-65.946167 	
-60.075573 	
-53.726799 	
-46.927818 	
-39.707195 	
-32.082081 	
-24.089754 	
-15.763041 	
-7.120499 	
1.796602 	
10.959597 	
20.323183 	
29.860039 	
39.527874 	
49.289875 	
59.115089 	
68.959389 	
78.778862 	
88.540955 	
98.207077 	
107.743523 	
117.105690 	
126.254211 	
135.159500 	
143.784470 	
152.095551 	
160.055801 	
167.630997 	
174.796738 	
181.522491 	
187.779037 	
193.544891 	
198.789520 	
203.495361 	
207.639069 	
211.207809 	
214.180405 	
216.551315 	
218.305298 	
219.439316 	
219.941559 	
219.810928 	
219.045639 	
217.647186 	
215.617813 	
212.969498 	
209.707260 	
205.844879 	
201.393784 	
196.372299 	
190.798126 	
184.694656 	
178.083420 	
170.990097 	
163.440048 	
155.461334 	
147.086838 	
138.346527 	
129.275452 	
119.910187 	
110.287590 	
100.440765 	
90.415504 	
80.246613 	
69.971336 	
59.636047 	
49.280323 	
38.941513 	
28.664473 	
18.487963 	
8.455239 	
-1.394491 	
-11.023106 	
-20.390766 	
-29.455688 	
-38.188934 	
-46.545959 	
-54.498653 	
-62.013454 	
-69.062286 	
-75.611969 	
-81.634850 	
-87.108139 	
-92.005074 	
-96.304970 	
-99.988609 	
-103.042854 	
-105.449188 	
-107.198158 	
-108.284294 	
-108.697144 	
-108.435341 	
-107.493622 	
-105.880150 	
-103.597939 	
-100.648811 	
-97.013710 	
-92.773575 	
-87.895462 	
-82.420624 	
-76.355965 	
-69.731323 	
-62.561588 	
-54.864571 	
-46.686691 	
-38.053921 	
-28.995232 	
-19.552542 	
-9.754887 	
0.360000 	
10.750318 	
21.374477 	
32.192650 	
43.142570 	
54.228737 	
65.382065 	
76.569229 	
87.730728 	
98.830460 	
109.823372 	
120.668602 	
131.319458 	
141.725388 	
151.868195 	
161.690247 	
171.155670 	
180.228516 	
188.873642 	
197.052643 	
204.735107 	
211.887817 	
218.484711 	
224.499512 	
229.899994 	
234.672623 	
238.784760 	
242.230011 	
244.986847 	
247.050385 	
248.392349 	
249.031982 	
248.960632 	
248.167542 	
246.657806 	
244.434708 	
241.502411 	
237.873962 	
233.570862 	
228.604584 	
222.990433 	
216.748322 	
209.902557 	
202.480026 	
194.511948 	
186.021591 	
177.048126 	
167.620987 	
157.790558 	
147.571045 	
137.018463 	
126.171074 	
115.067322 	
103.757721 	
92.277351 	
80.679184 	
69.005669 	
57.309193 	
45.621693 	
34.002560 	
22.494314 	
11.143747 	
-0.003307 	
-10.904966 	
-21.512072 	
-31.789608 	
-41.693359 	
-51.182583 	
-60.216339 	
-68.758995 	
-76.772446 	
-84.231850 	
-91.093475 	
-97.344231 	
-102.946945 	
-107.878792 	
-112.121101 	
-115.646362 	
-118.452606 	
-120.536400 	
-121.863373 	
-122.430611 	
-122.246407 	
-121.295296 	
-119.586693 	
-117.123825 	
-113.913773 	
-109.971077 	
-105.309860 	
-99.939194 	
-93.883911 	
-87.164612 	
-79.803940 	
-71.833008 	
-63.280453 	
-54.179562 	
-44.562675 	
-34.462898 	
-23.927526 	
-12.987480 	
-1.695103 	
9.916305 	
21.790245 	
33.891792 	
46.174641 	
58.581329 	
71.063454 	
83.586639 	
96.094772 	
108.536453 	
120.863403 	
133.025314 	
144.979233 	
156.673508 	
168.062592 	
179.103683 	
189.749588 	
199.960129 	
209.693436 	
218.911026 	
227.570175 	
235.643723 	
243.096237 	
249.895828 	
256.020599 	
261.438965 	
266.129761 	
270.070618 	
273.247864 	
275.651642 	
277.264008 	
278.078979 	
278.094147 	
277.307281 	
275.720490 	
273.339081 	
270.166168 	
266.221741 	
261.511230 	
256.055054 	
249.878494 	
242.997620 	
235.442780 	
227.236084 	
218.415283 	
209.014816 	
199.068314 	
188.609634 	
177.688217 	
166.343597 	
154.619034 	
142.560776 	
130.209503 	
117.624245 	
104.843575 	
91.927231 	
78.924294 	
65.883179 	
52.857143 	
39.896793 	
27.054705 	
14.383327 	
1.906150 	
-10.282858 	
-22.147379 	
-33.648643 	
-44.737553 	
-55.369297 	
-65.500031 	
-75.090561 	
-84.098259 	
-92.485573 	
-100.222672 	
-107.277855 	
-113.622299 	
-119.237396 	
-124.075478 	
-128.124573 	
-131.372925 	
-133.803802 	
-135.401688 	
-136.164001 	
-136.084290 	
-135.165741 	
-133.401535 	
-130.787811 	
-127.350563 	
-123.096451 	
-118.039604 	
-112.195549 	
-105.589325 	
-98.240761 	
-90.181725 	
-81.435165 	
-72.047615 	
-62.042358 	
-51.459167 	
-40.340603 	
-28.729544 	
-16.665777 	
-4.200836 	
8.619103 	
21.745176 	
35.118244 	
48.699677 	
62.429386 	
76.251244 	
90.119598 	
103.955559 	
117.741592 	
131.409576 	
144.903107 	
158.172409 	
171.158539 	
183.810669 	
196.083939 	
207.949783 	
219.326035 	
230.167847 	
240.444717 	
250.110153 	
259.133362 	
267.473450 	
275.096161 	
281.969727 	
288.063477 	
293.362946 	
297.830872 	
301.463196 	
304.235199 	
306.136749 	
307.173859 	
306.136749 	
304.235199 	
301.463196 	
297.830872 	
293.362946 	
288.063477 	
281.969727 	
275.096161 	
267.473450 	
259.133362 	
250.110153 	
240.444717 	
230.167847 	
219.326035 	
207.949783 	
196.083939 	
183.810669 	
171.158539 	
158.172409 	
144.903107 	
131.409576 	
117.741592 	
103.955559 	
90.119598 	
76.251244 	
62.429386 	
48.699677 	
35.118244 	
21.745176 	
8.619103 	
-4.200836 	
-16.665777 	
-28.729544 	
-40.340603 	
-51.459167 	
-62.042358 	
-72.047615 	
-81.435165 	
-90.181725 	
-98.240761 	
-105.589325 	
-112.195549 	
-118.039604 	
-123.096451 	
-127.350563 	
-130.787811 	
-133.401535 	
-135.165741 	
-136.084290 	
-136.164001 	
-135.401688 	
-133.803802 	
-131.372925 	
-128.124573 	
-124.075478 	
-119.237396 	
-113.622299 	
-107.277855 	
-100.222672 	
-92.485573 	
-84.098259 	
-75.090561 	
-65.500031 	
-55.369297 	
-44.737553 	
-33.648643 	
-22.147379 	
-10.282858 	
1.906150 	
14.383327 	
27.054705 	
39.896793 	
52.857143 	
65.883179 	
78.924294 	
91.927231 	
104.843575 	
117.624245 	
130.209503 	
142.560776 	
154.619034 	
166.343597 	
177.688217 	
188.609634 	
199.068314 	
209.014816 	
218.415283 	
227.236084 	
235.442780 	
242.997620 	
249.878494 	
256.055054 	
261.511230 	
266.221741 	
270.166168 	
273.339081 	
275.720490 	
277.307281 	
278.094147 	
278.078979 	
277.264008 	
275.651642 	
273.247864 	
270.070618 	
266.129761 	
261.438965 	
256.020599 	
249.895828 	
243.096237 	
235.643723 	
227.570175 	
218.911026 	
209.693436 	
199.960129 	
189.749588 	
179.103683 	
168.062592 	
156.673508 	
144.979233 	
133.025314 	
120.863403 	
108.536453 	
96.094772 	
83.586639 	
71.063454 	
58.581329 	
46.174641 	
33.891792 	
21.790245 	
9.916305 	
-1.695103 	
-12.987480 	
-23.927526 	
-34.462898 	
-44.562675 	
-54.179562 	
-63.280453 	
-71.833008 	
-79.803940 	
-87.164612 	
-93.883911 	
-99.939194 	
-105.309860 	
-109.971077 	
-113.913773 	
-117.123825 	
-119.586693 	
-121.295296 	
-122.246407 	
-122.430611 	
-121.863373 	
-120.536400 	
-118.452606 	
-115.646362 	
-112.121101 	
-107.878792 	
-102.946945 	
-97.344231 	
-91.093475 	
-84.231850 	
-76.772446 	
-68.758995 	
-60.216339 	
-51.182583 	
-41.693359 	
-31.789608 	
-21.512072 	
-10.904966 	
-0.003307 	
11.143747 	
22.494314 	
34.002560 	
45.621693 	
57.309193 	
69.005669 	
80.679184 	
92.277351 	
103.757721 	
115.067322 	
126.171074 	
137.018463 	
147.571045 	
157.790558 	
167.620987 	
177.048126 	
186.021591 	
194.511948 	
202.480026 	
209.902557 	
216.748322 	
222.990433 	
228.604584 	
233.570862 	
237.873962 	
241.502411 	
244.434708 	
246.657806 	
248.167542 	
248.960632 	
249.031982 	
248.392349 	
247.050385 	
244.986847 	
242.230011 	
238.784760 	
234.672623 	
229.899994 	
224.499512 	
218.484711 	
211.887817 	
204.735107 	
197.052643 	
188.873642 	
180.228516 	
171.155670 	
161.690247 	
151.868195 	
141.725388 	
131.319458 	
120.668602 	
109.823372 	
98.830460 	
87.730728 	
76.569229 	
65.382065 	
54.228737 	
43.142570 	
32.192650 	
21.374477 	
10.750318 	
0.360000 	
-9.754887 	
-19.552542 	
-28.995232 	
-38.053921 	
-46.686691 	
-54.864571 	
-62.561588 	
-69.731323 	
-76.355965 	
-82.420624 	
-87.895462 	
-92.773575 	
-97.013710 	
-100.648811 	
-103.597939 	
-105.880150 	
-107.493622 	
-108.435341 	
-108.697144 	
-108.284294 	
-107.198158 	
-105.449188 	
-103.042854 	
-99.988609 	
-96.304970 	
-92.005074 	
-87.108139 	
-81.634850 	
-75.611969 	
-69.062286 	
-62.013454 	
-54.498653 	
-46.545959 	
-38.188934 	
-29.455688 	
-20.390766 	
-11.023106 	
-1.394491 	
8.455239 	
18.487963 	
28.664473 	
38.941513 	
49.280323 	
59.636047 	
69.971336 	
80.246613 	
90.415504 	
100.440765 	
110.287590 	
119.910187 	
129.275452 	
138.346527 	
147.086838 	
155.461334 	
163.440048 	
170.990097 	
178.083420 	
184.694656 	
190.798126 	
196.372299 	
201.393784 	
205.844879 	
209.707260 	
212.969498 	
215.617813 	
217.647186 	
219.045639 	
219.810928 	
219.941559 	
219.439316 	
218.305298 	
216.551315 	
214.180405 	
211.207809 	
207.639069 	
203.495361 	
198.789520 	
193.544891 	
187.779037 	
181.522491 	
174.796738 	
167.630997 	
160.055801 	
152.095551 	
143.784470 	
135.159500 	
126.254211 	
117.105690 	
107.743523 	
98.207077 	
88.540955 	
78.778862 	
68.959389 	
59.115089 	
49.289875 	
39.527874 	
29.860039 	
20.323183 	
10.959597 	
1.796602 	
-7.120499 	
-15.763041 	
-24.089754 	
-32.082081 	
-39.707195 	
-46.927818 	
-53.726799 	
-60.075573 	
-65.946167 	
-71.322937 	
-76.184395 	
-80.515182 	
-84.294518 	
-87.534111 	
-90.181458 	
-92.251862 	
-93.733459 	
-94.622543 	
-94.935173 	
-94.635788 	
-93.755508 	
-92.289276 	
-90.247185 	
-87.642799 	
-84.484940 	
-80.791832 	
-76.572945 	
-71.850868 	
-66.647064 	
-60.990776 	
-54.887043 	
-48.382084 	
-41.485229 	
-34.232182 	
-26.646671 	
-18.766840 	
-10.631948 	
-2.261965 	
6.305314 	
15.031348 	
23.880772 	
32.824055 	
41.820885 	
50.834476 	
59.833561 	
68.779732 	
77.632149 	
86.366196 	
94.947411 	
103.338005 	
111.477150 	
119.383286 	
127.003647 	
134.311417 	
141.278839 	
147.867874 	
154.061172 	
159.837555 	
165.160492 	
170.032532 	
174.425247 	
178.325821 	
181.714478 	
184.580978 	
186.918015 	
188.715546 	
189.966446 	
190.666580 	
190.820602 	
190.422653 	
189.478683 	
187.992706 	
185.973526 	
183.429779 	
180.368454 	
176.809891 	
172.766357 	
168.253510 	
163.293152 	
157.904526 	
152.109268 	
145.931503 	
139.397964 	
132.533829 	
125.365204 	
117.925247 	
110.238747 	
102.339661 	
94.258942 	
86.026810 	
77.678444 	
69.249557 	
60.768066 	
52.267269 	
43.784981 	
35.351017 	
27.000380 	
18.762743 	
10.673046 	
2.752030 	
-4.960467 	
-12.433765 	
-19.642811 	
-26.558481 	
-33.157288 	
-39.412560 	
-45.301575 	
-50.801636 	
-55.895473 	
-60.561527 	
-64.782089 	
-68.547806 	
-71.844284 	
-74.656883 	
-76.976143 	
-78.796196 	
-80.116005 	
-80.928329 	
-81.231140 	
-81.026520 	
-80.318214 	
-79.108925 	
-77.404076 	
-75.217552 	
-72.555466 	
-69.429642 	
-65.861313 	
-61.859859 	
-57.445812 	
-52.636112 	
-47.452351 	
-41.912945 	
-36.049770 	
-29.876255 	
-23.431110 	
-16.725000 	
-9.796894 	
-2.678466 	
4.611298 	
12.039422 	
19.577518 	
27.190165 	
34.849289 	
42.515717 	
50.175365 	
57.790195 	
65.332634 	
72.767853 	
80.068497 	
87.203979 	
94.150993 	
100.883385 	
107.338570 	
113.553680 	
119.473732 	
125.081322 	
130.352859 	
135.267349 	
139.806549 	
143.953720 	
147.689957 	
151.011795 	
153.895370 	
156.319366 	
158.313095 	
159.840942 	
160.917435 	
161.527542 	
161.667435 	
161.345596 	
160.559677 	
159.318207 	
157.621796 	
155.483124 	
152.910324 	
149.907227 	
146.528549 	
142.725647 	
138.544205 	
133.999741 	
129.116440 	
123.908447 	
118.399643 	
112.610771 	
106.567215 	
100.309319 	
93.824699 	
87.165764 	
80.353683 	
73.415977 	
66.382141 	
59.275921 	
52.129196 	
44.962242 	
37.816090 	
30.712885 	
23.670307 	
16.732090 	
9.884147 	
3.216767 	
-3.274173 	
-9.567022 	
-15.635672 	
-21.454935 	
-27.006636 	
-32.270241 	
-37.225056 	
-41.858147 	
-46.144264 	
-50.093964 	
-53.643112 	
-56.814331 	
-59.590614 	
-61.962463 	
-63.922058 	
-65.461975 	
-66.583206 	
-67.278770 	
-67.558174 	
-67.406296 	
-66.833664 	
-65.843254 	
-64.439011 	
-62.632008 	
-60.436466 	
-57.852077 	
-54.891182 	
-51.579044 	
-47.918736 	
-43.938625 	
-39.639767 	
-35.052849 	
-30.191504 	
-25.079983 	
-19.738775 	
-14.188860 	
-8.453444 	
-2.556520 	
3.476578 	
9.622564 	
15.849852 	
22.140654 	
28.468313 	
34.808025 	
41.131733 	
47.413509 	
53.633068 	
59.764034 	
65.779747 	
71.657722 	
77.376717 	
82.914146 	
88.245720 	
93.353806 	
98.218285 	
102.819588 	
107.140411 	
111.165894 	
114.879585 	
118.270531 	
121.324837 	
124.027412 	
126.373528 	
128.359024 	
129.971466 	
131.207108 	
132.061493 	
132.531555 	
132.617477 	
132.323608 	
131.651077 	
130.600372 	
129.178894 	
127.395653 	
125.257576 	
122.774765 	
119.959999 	
116.821579 	
113.376892 	
109.637817 	
105.621796 	
101.343636 	
96.824432 	
92.080284 	
87.129501 	
81.995354 	
76.698921 	
71.257057 	
65.698227 	
60.040024 	
54.304337 	
48.517216 	
42.700069 	
36.878407 	
31.064718 	
25.294334 	
19.585783 	
13.959513 	
8.435696 	
3.037163 	
-2.214096 	
-7.303804 	
-12.207585 	
-16.916317 	
-21.393679 	
-25.636894 	
-29.629427 	
-33.347603 	
-36.790859 	
-39.943939 	
-42.796585 	
-45.351574 	
-47.565720 	
-49.456074 	
-51.018295 	
-52.245632 	
-53.130459 	
-53.674667 	
-53.876526 	
-53.737637 	
-53.260059 	
-52.452232 	
-51.315285 	
-49.850864 	
-48.075615 	
-45.998840 	
-43.613918 	
-40.948822 	
-38.016941 	
-34.829704 	
-31.407478 	
-27.740664 	
-23.866150 	
-19.793011 	
-15.537530 	
-11.116131 	
-6.558259 	
-1.874122 	
2.913175 	
7.787038 	
12.724115 	
17.701591 	
22.706345 	
27.687761 	
32.677090 	
37.628384 	
42.521908 	
47.340622 	
52.030075 	
56.642189 	
61.119183 	
65.450356 	
69.614456 	
73.599411 	
77.384270 	
80.958298 	
84.310074 	
87.421227 	
90.287155 	
92.894455 	
95.235703 	
97.296898 	
99.074402 	
100.565094 	
101.761047 	
102.660744 	
103.261475 	
103.559250 	
103.554977 	
103.260429 	
102.666939 	
101.779861 	
100.605690 	
99.150345 	
97.424973 	
95.430664 	
93.179634 	
90.678284 	
87.942276 	
84.987976 	
81.818802 	
78.452827 	
74.903427 	
71.184410 	
67.312607 	
63.304127 	
59.177513 	
54.945370 	
50.627895 	
46.240437 	
41.799358 	
37.323906 	
32.832783 	
28.342505 	
23.871967 	
19.435898 	
15.057342 	
10.744042 	
6.519167 	
2.396288 	
-1.606682 	
-5.477823 	
-9.201145 	
-12.764078 	
-16.154785 	
-19.361372 	
-22.370480 	
-25.167971 	
-27.751362 	
-30.107456 	
-32.228020 	
-34.110176 	
-35.747498 	
-37.132614 	
-38.265121 	
-39.140987 	
-39.756554 	
-40.115067 	
-40.217182 	
-40.060936 	
-39.650459 	
-38.989285 	
-38.082405 	
-36.936970 	
-35.556755 	
-33.947124 	
-32.123173 	
-30.085979 	
-27.853458 	
-25.431581 	
-22.830729 	
-20.060112 	
-17.135651 	
-14.072249 	
-10.882821 	
-7.582709 	
-4.185017 	
-0.701046 	
2.853247 	
6.458749 	
10.101598 	
13.770257 	
17.443989 	
21.114866 	
24.758392 	
28.370337 	
31.933544 	
35.428368 	
38.823723 	
42.153473 	
45.369938 	
48.476547 	
51.452454 	
54.292782 	
56.980736 	
59.496315 	
61.848076 	
64.021713 	
66.006607 	
67.801743 	
69.398323 	
70.786552 	
71.967300 	
72.936775 	
73.692543 	
74.248161 	
74.565483 	
74.666443 	
74.537201 	
74.203148 	
73.657509 	
72.901611 	
71.939377 	
70.779961 	
69.433388 	
67.891861 	
66.175232 	
64.287819 	
62.235504 	
60.027874 	
57.675758 	
55.191376 	
52.584820 	
49.865547 	
47.044300 	
44.137733 	
41.151905 	
38.110550 	
35.013920 	
31.881857 	
28.724569 	
25.574732 	
22.402933 	
19.238070 	
16.100910 	
13.000503 	
9.956376 	
6.971306 	
4.063538 	
1.226333 	
-1.522620 	
-4.164892 	
-6.694022 	
-9.102860 	
-11.382904 	
-13.525114 	
-15.522587 	
-17.371962 	
-19.059134 	
-20.596289 	
-21.956970 	
-23.152042 	
-24.172365 	
-25.014357 	
-25.682615 	
-26.171961 	
-26.485275 	
-26.622257 	
-26.585472 	
-26.364702 	
-25.984442 	
-25.432007 	
-24.719431 	
-23.851248 	
-22.830143 	
-21.663322 	
-20.351488 	
-18.907524 	
-17.337784 	
-15.652380 	
-13.856620 	
-11.961863 	
-9.971881 	
-7.905018 	
-5.760477 	
-3.556304 	
-1.299455 	
0.998862 	
3.318650 	
5.668374 	
8.052431 	
10.422719 	
12.781599 	
15.126665 	
17.438669 	
19.715378 	
21.945272 	
24.118855 	
26.228762 	
28.267639 	
30.224573 	
32.097084 	
33.870865 	
35.543625 	
37.106331 	
38.557907 	
39.892796 	
41.103008 	
42.183777 	
43.137417 	
43.956554 	
44.642864 	
45.190273 	
45.612564 	
45.885174 	
46.016590 	
46.015232 	
45.882015 	
45.608028 	
45.201687 	
44.665607 	
44.005013 	
43.225468 	
42.327053 	
41.317036 	
40.200249 	
38.980801 	
37.667404 	
36.266300 	
34.781876 	
33.223495 	
31.600134 	
29.914543 	
28.177805 	
26.396355 	
24.573046 	
22.722895 	
20.850828 	
18.967999 	
17.080917 	
15.191820 	
13.313870 	
11.454890 	
9.620024 	
7.817797 	
6.053180 	
4.333765 	
2.668787 	
1.059169 	
-0.484992 	
-1.958155 	
-3.361482 	
-4.682939 	
-5.922449 	
-7.069176 	
-8.129177 	
-9.097757 	
-9.971155 	
-10.740254 	
-11.414522 	
-11.991027 	
-12.466702 	
-12.842738 	
-13.115251 	
-13.290875 	
-13.358206 	
-13.333510 	
-13.216578 	
-13.005066 	
-12.704316 	
-12.315874 	
-11.844705 	
-11.295071 	
-10.637784 	
-9.937630 	
-9.177746 	
-8.353089 	
-7.472326 	
-6.542089 	
-5.565972 	
-4.547580 	
-3.497047 	
-2.421585 	
-1.323307 	
-0.204429 	
0.929259 	
2.071664 	
3.207154 	
4.334073 	
5.449591 	
6.550545 	
7.624450 	
8.674517 	
9.692782 	
10.676944 	
11.619923 	
12.508389 	
13.349536 	
14.141856 	
14.881547 	
15.558862 	
16.178621 	
16.733305 	
17.222279 	
17.644171 	
18.006136 	
18.295094 	
18.516397 	
18.670071 	
18.753391 	
18.769686 	
18.719297 	
18.603647 	
18.423988 	
18.191702 	
17.890684 	
17.534008 	
17.126585 	
16.662727 	
16.184420 	
15.627973 	
15.032425 	
14.396642 	
13.723464 	
13.025100 	
12.301286 	
11.554827 	
10.774919 	
9.984134 	
9.199762 	
8.409577 	
7.623164 	
6.834163 	
6.055015 	
5.287038 	
4.536370 	
3.805743 	
3.093954 	
2.411770 	
1.753905 	
1.132994 	
0.546005 	
0.000000 	
